  3.498250874562719E-003   1.99975552360627     
  6.998251749562938E-003   1.99965933138373     
  1.049825262456316E-002   1.99937342931386     
  1.399825349956338E-002   1.99894877937584     
  1.749825437456359E-002   1.99839763110387     
  2.099825524956381E-002   1.99772574863176     
  2.449825612456403E-002   1.99693701316593     
  2.799825699956425E-002   1.99603457388454     
  3.149825787456447E-002   1.99502123196032     
  3.499825874956469E-002   1.99389959453985     
  3.849825962456491E-002   1.99267214507091     
  4.199826049956512E-002   1.99134127877138     
  4.549826137456535E-002   1.98990932200520     
  4.899826224956556E-002   1.98837854360763     
  5.249826312456579E-002   1.98675116191273     
  5.599826399956601E-002   1.98502934935955     
  5.949826487456622E-002   1.98321523567054     
  6.299826574956645E-002   1.98131091015410     
  6.649826662456666E-002   1.97931842345101     
  6.999826749956688E-002   1.97723978891634     
  7.349826837456709E-002   1.97507698375592     
  7.699826924956732E-002   1.97283194999271     
  8.049827012456753E-002   1.97050659531266     
  8.399827099956775E-002   1.96810279382293     
  8.749827187456798E-002   1.96562238674485     
  9.099827274956819E-002   1.96306718305733     
  9.449827362456840E-002   1.96043896010159     
  9.799827449956862E-002   1.95773946415511     
  0.101498275374569        1.95497041098063     
  0.104998276249569        1.95213348635431     
  0.108498277124569        1.94923034657627     
  0.111998277999570        1.94626261896594     
  0.115498278874570        1.94323190234402     
  0.118998279749570        1.94013976750247     
  0.122498280624570        1.93698775766375     
  0.125998281499570        1.93377738893004     
  0.129498282374571        1.93051015072337     
  0.132998283249571        1.92718750621704     
  0.136498284124571        1.92381089275902     
  0.139998284999571        1.92038172228753     
  0.143498285874571        1.91690138173932     
  0.146998286749572        1.91337123345088     
  0.150498287624572        1.90979261555277     
  0.153998288499572        1.90616684235742     
  0.157498289374572        1.90249520474050     
  0.160998290249573        1.89877897051607     
  0.164498291124573        1.89501938480567     
  0.167998291999573        1.89121767040155     
  0.171498292874573        1.88737502812402     
  0.174998293749573        1.88349263717327     
  0.178498294624574        1.87957165547557     
  0.181998295499574        1.87561322002405     
  0.185498296374574        1.87161844721425     
  0.188998297249574        1.86758843317433     
  0.192498298124575        1.86352425409021     
  0.195998298999575        1.85942696652574     
  0.199498299874575        1.85529760773775     
  0.202998300749575        1.85113719598646     
  0.206498301624575        1.84694673084090     
  0.209998302499576        1.84272719347977     
  0.213498303374576        1.83847954698760     
  0.216998304249576        1.83420473664639     
  0.220498305124576        1.82990369022274     
  0.223998305999576        1.82557731825064     
  0.227498306874577        1.82122651430981     
  0.230998307749577        1.81685215529987     
  0.234498308624577        1.81245510171026     
  0.237998309499577        1.80803619788602     
  0.241498310374578        1.80359627228952     
  0.244998311249578        1.79913613775811     
  0.248498312124578        1.79465659175793     
  0.251998312999578        1.79015841663370     
  0.255498313874578        1.78564237985479     
  0.258998314749579        1.78110923425742     
  0.262498315624579        1.77655971828322     
  0.265998316499579        1.77199455621408     
  0.269498317374579        1.76741445840343     
  0.272998318249580        1.76282012150392     
  0.276498319124580        1.75821222869164     
  0.279998319999580        1.75359144988691     
  0.283498320874580        1.74895844197161     
  0.286998321749581        1.74431384900324     
  0.290498322624581        1.73965830242563     
  0.293998323499581        1.73499242127646     
  0.297498324374581        1.73031681239153     
  0.300998325249581        1.72563207060595     
  0.304498326124582        1.72093877895214     
  0.307998326999582        1.71623750885487     
  0.311498327874582        1.71152882032322     
  0.314998328749582        1.70681326213964     
  0.318498329624582        1.70209137204604     
  0.321998330499583        1.69736367692703     
  0.325498331374583        1.69263069299031     
  0.328998332249583        1.68789292594433     
  0.332498333124583        1.68315087117310     
  0.335998333999584        1.67840501390841     
  0.339498334874584        1.67365582939926     
  0.342998335749584        1.66890378307880     
  0.346498336624584        1.66414933072857     
  0.349998337499584        1.65939291864025     
  0.353498338374585        1.65463498377488     
  0.356998339249585        1.64987595391964     
  0.360498340124585        1.64511624784213     
  0.363998340999585        1.64035627544231     
  0.367498341874585        1.63559643790209     
  0.370998342749586        1.63083712783251     
  0.374498343624586        1.62607872941871     
  0.377998344499586        1.62132161856260     
  0.381498345374586        1.61656616302333     
  0.384998346249587        1.61181272255555     
  0.388498347124587        1.60706164904550     
  0.391998347999587        1.60231328664503     
  0.395498348874587        1.59756797190349     
  0.398998349749587        1.59282603389749     
  0.402498350624588        1.58808779435880     
  0.405998351499588        1.58335356780005     
  0.409498352374588        1.57862366163864     
  0.412998353249588        1.57389837631856     
  0.416498354124589        1.56917800543039     
  0.419998354999589        1.56446283582939     
  0.423498355874589        1.55975314775174     
  0.426998356749589        1.55504921492893     
  0.430498357624589        1.55035130470040     
  0.433998358499590        1.54565967812435     
  0.437498359374590        1.54097459008682     
  0.440998360249590        1.53629628940912     
  0.444498361124590        1.53162501895347     
  0.447998361999591        1.52696101572698     
  0.451498362874591        1.52230451098409     
  0.454998363749591        1.51765573032727     
  0.458498364624591        1.51301489380622     
  0.461998365499591        1.50838221601541     
  0.465498366374592        1.50375790619014     
  0.468998367249592        1.49914216830110     
  0.472498368124592        1.49453520114735     
  0.475998368999592        1.48993719844786     
  0.479498369874593        1.48534834893165     
  0.482998370749593        1.48076883642639     
  0.486498371624593        1.47619883994570     
  0.489998372499593        1.47163853377497     
  0.493498373374593        1.46708808755588     
  0.496998374249594        1.46254766636954     
  0.500498375124594        1.45801743081828     
  0.503998375999594        1.45349753710620     
  0.507498376874594        1.44898813711838     
  0.510998377749594        1.44448937849881     
  0.514498378624595        1.44000140472715     
  0.517998379499595        1.43552435519417     
  0.521498380374595        1.43105836527601     
  0.524998381249595        1.42660356640731     
  0.528498382124596        1.42216008615305     
  0.531998382999596        1.41772804827935     
  0.535498383874596        1.41330757282303     
  0.538998384749596        1.40889877616014     
  0.542498385624596        1.40450177107332     
  0.545998386499597        1.40011666681810     
  0.549498387374597        1.39574356918811     
  0.552998388249597        1.39138258057930     
  0.556498389124597        1.38703380005300     
  0.559998389999598        1.38269732339811     
  0.563498390874598        1.37837324319214     
  0.566998391749598        1.37406164886134     
  0.570498392624598        1.36976262673987     
  0.573998393499598        1.36547626012792     
  0.577498394374599        1.36120262934898     
  0.580998395249599        1.35694181180614     
  0.584498396124599        1.35269388203742     
  0.587998396999599        1.34845891177029     
  0.591498397874599        1.34423696997527     
  0.594998398749600        1.34002812291857     
  0.598498399624600        1.33583243421400     
  0.601998400499600        1.33164996487397     
  0.605498401374600        1.32748077335958     
  0.608998402249601        1.32332491563006     
  0.612498403124601        1.31918244519119     
  0.615998403999601        1.31505341314311     
  0.619498404874601        1.31093786822725     
  0.622998405749601        1.30683585687244     
  0.626498406624602        1.30274742324038     
  0.629998407499602        1.29867260927027     
  0.633498408374602        1.29461145472274     
  0.636998409249602        1.29056399722303     
  0.640498410124603        1.28653027230344     
  0.643998410999603        1.28251031344516     
  0.647498411874603        1.27850415211929     
  0.650998412749603        1.27451181782724     
  0.654498413624603        1.27053333814048     
  0.657998414499604        1.26656873873958     
  0.661498415374604        1.26261804345258     
  0.664998416249604        1.25868127429282     
  0.668498417124604        1.25475845149600     
  0.671998417999604        1.25084959355675     
  0.675498418874605        1.24695471726448     
  0.678998419749605        1.24307383773870     
  0.682498420624605        1.23920696846370     
  0.685998421499605        1.23535412132268     
  0.689498422374606        1.23151530663130     
  0.692998423249606        1.22769053317060     
  0.696498424124606        1.22387980821948     
  0.699998424999606        1.22008313758654     
  0.703498425874606        1.21630052564141     
  0.706998426749607        1.21253197534551     
  0.710498427624607        1.20877748828239     
  0.713998428499607        1.20503706468744     
  0.717498429374607        1.20131070347713     
  0.720998430249608        1.19759840227779     
  0.724498431124608        1.19390015745386     
  0.727998431999608        1.19021596413566     
  0.731498432874608        1.18654581624667     
  0.734998433749608        1.18288970653040     
  0.738498434624609        1.17924762657673     
  0.741998435499609        1.17561956684782     
  0.745498436374609        1.17200551670360     
  0.748998437249609        1.16840546442678     
  0.752498438124609        1.16481939724743     
  0.755998438999610        1.16124730136720     
  0.759498439874610        1.15768916198301     
  0.762998440749610        1.15414496331042     
  0.766498441624610        1.15061468860655     
  0.769998442499611        1.14709832019261     
  0.773498443374611        1.14359583947604     
  0.776998444249611        1.14010722697225     
  0.780498445124611        1.13663246232598     
  0.783998445999612        1.13317152433234     
  0.787498446874612        1.12972439095736     
  0.790998447749612        1.12629103935831     
  0.794498448624612        1.12287144590358     
  0.797998449499612        1.11946558619222     
  0.801498450374613        1.11607343507317     
  0.804998451249613        1.11269496666409     
  0.808498452124613        1.10933015436992     
  0.811998452999613        1.10597897090107     
  0.815498453874614        1.10264138829128     
  0.818998454749614        1.09931737791517     
  0.822498455624614        1.09600691050552     
  0.825998456499614        1.09270995617014     
  0.829498457374614        1.08942648440856     
  0.832998458249615        1.08615646412829     
  0.836498459124615        1.08289986366091     
  0.839998459999615        1.07965665077777     
  0.843498460874615        1.07642679270547     
  0.846998461749615        1.07321025614102     
  0.850498462624616        1.07000700726675     
  0.853998463499616        1.06681701176494     
  0.857498464374616        1.06364023483215     
  0.860998465249616        1.06047664119336     
  0.864498466124616        1.05732619511576     
  0.867998466999617        1.05418886042240     
  0.871498467874617        1.05106460050543     
  0.874998468749617        1.04795337833927     
  0.878498469624617        1.04485515649341     
  0.881998470499618        1.04176989714503     
  0.885498471374618        1.03869756209135     
  0.888998472249618        1.03563811276180     
  0.892498473124618        1.03259151022990     
  0.895998473999619        1.02955771522497     
  0.899498474874619        1.02653668814359     
  0.902998475749619        1.02352838906087     
  0.906498476624619        1.02053277774144     
  0.909998477499619        1.01754981365035     
  0.913498478374620        1.01457945596363     
  0.916998479249620        1.01162166357875     
  0.920498480124620        1.00867639512486     
  0.923998480999620        1.00574360897275     
  0.927498481874620        1.00282326324476     
  0.930998482749621       0.999915315824367     
  0.934498483624621       0.997019724365684     
  0.937998484499621       0.994136446302716     
  0.941498485374621       0.991265438858457     
  0.944998486249622       0.988406659053813     
  0.948498487124622       0.985560063716342     
  0.951998487999622       0.982725609488829     
  0.955498488874622       0.979903252837686     
  0.958998489749622       0.977092950061196     
  0.962498490624623       0.974294657297579     
  0.965998491499623       0.971508330532916     
  0.969498492374623       0.968733925608899     
  0.972998493249623       0.965971398230436     
  0.976498494124624       0.963220703973098     
  0.979998494999624       0.960481798290422     
  0.983498495874624       0.957754636521058     
  0.986998496749624       0.955039173895781     
  0.990498497624624       0.952335365544351     
  0.993998498499625       0.949643166502241     
  0.997498499374625       0.946962531717222     
   1.00099850024963       0.944293416055813     
   1.00449850112463       0.941635774309600     
   1.00799850199963       0.938989561201424     
   1.01149850287463       0.936354731391440     
   1.01499850374963       0.933731239483042     
   1.01849850462463       0.931119040028681     
   1.02199850549963       0.928518087535542     
   1.02549850637463       0.925928336471112     
   1.02899850724963       0.923349741268625     
   1.03249850812463       0.920782256332395     
   1.03599850899963       0.918225836043030     
   1.03949850987463       0.915680434762539     
   1.04299851074963       0.913146006839321     
   1.04649851162463       0.910622506613056     
   1.04999851249963       0.908109888419480     
   1.05349851337463       0.905608106595060     
   1.05699851424963       0.903117115481567     
   1.06049851512463       0.900636869430543     
   1.06399851599963       0.898167322807673     
   1.06749851687463       0.895708429997058     
   1.07099851774963       0.893260145405392     
   1.07449851862463       0.890822423466046     
   1.07799851949963       0.888395218643053     
   1.08149852037463       0.885978485435012     
   1.08499852124963       0.883572178378895     
   1.08849852212463       0.881176252053767     
   1.09199852299963       0.878790661084423     
   1.09549852387463       0.876415360144938     
   1.09899852474963       0.874050303962131     
   1.10249852562463       0.871695447318951     
   1.10599852649963       0.869350745057783     
   1.10949852737463       0.867016152083670     
   1.11299852824963       0.864691623367460     
   1.11649852912463       0.862377113948880     
   1.11999852999963       0.860072578939530     
   1.12349853087463       0.857777973525805     
   1.12699853174963       0.855493252971745     
   1.13049853262463       0.853218372621815     
   1.13399853349963       0.850953287903613     
   1.13749853437463       0.848697954330510     
   1.14099853524963       0.846452327504227     
   1.14449853612463       0.844216363117334     
   1.14799853699963       0.841990016955703     
   1.15149853787463       0.839773244900878     
   1.15499853874963       0.837566002932394     
   1.15849853962464       0.835368247130031     
   1.16199854049964       0.833179933676008     
   1.16549854137464       0.831001018857119     
   1.16899854224964       0.828831459066808     
   1.17249854312464       0.826671210807189     
   1.17599854399964       0.824520230691008     
   1.17949854487464       0.822378475443554     
   1.18299854574964       0.820245901904511     
   1.18649854662464       0.818122467029762     
   1.18999854749964       0.816008127893134     
   1.19349854837464       0.813902841688099     
   1.19699854924964       0.811806565729421     
   1.20049855012464       0.809719257454755     
   1.20399855099964       0.807640874426197     
   1.20749855187464       0.805571374331786     
   1.21099855274964       0.803510714986962     
   1.21449855362464       0.801458854335976     
   1.21799855449964       0.799415750453255     
   1.22149855537464       0.797381361544724     
   1.22499855624964       0.795355645949087     
   1.22849855712464       0.793338562139060     
   1.23199855799964       0.791330068722570     
   1.23549855887464       0.789330124443904     
   1.23899855974964       0.787338688184826     
   1.24249856062464       0.785355718965656     
   1.24599856149964       0.783381175946297     
   1.24949856237464       0.781415018427244     
   1.25299856324964       0.779457205850538     
   1.25649856412464       0.777507697800698     
   1.25999856499964       0.775566454005605     
   1.26349856587464       0.773633434337364     
   1.26699856674964       0.771708598813117     
   1.27049856762464       0.769791907595839     
   1.27399856849964       0.767883320995085     
   1.27749856937464       0.765982799467718     
   1.28099857024964       0.764090303618597     
   1.28449857112464       0.762205794201238     
   1.28799857199964       0.760329232118442     
   1.29149857287464       0.758460578422898     
   1.29499857374964       0.756599794317750     
   1.29849857462464       0.754746841157141     
   1.30199857549964       0.752901680446726     
   1.30549857637464       0.751064273844161     
   1.30899857724964       0.749234583159562     
   1.31249857812464       0.747412570355935     
   1.31599857899964       0.745598197549588     
   1.31949857987465       0.743791427010514     
   1.32299858074965       0.741992221162742     
   1.32649858162465       0.740200542584681     
   1.32999858249965       0.738416354009419     
   1.33349858337465       0.736639618325018     
   1.33699858424965       0.734870298574773     
   1.34049858512465       0.733108357957454     
   1.34399858599965       0.731353759827529     
   1.34749858687465       0.729606467695358     
   1.35099858774965       0.727866445227374     
   1.35449858862465       0.726133656246236     
   1.35799858949965       0.724408064730972     
   1.36149859037465       0.722689634817091     
   1.36499859124965       0.720978330796684     
   1.36849859212465       0.719274117118503     
   1.37199859299965       0.717576958388021     
   1.37549859387465       0.715886819367478     
   1.37899859474965       0.714203664975905     
   1.38249859562465       0.712527460289131     
   1.38599859649965       0.710858170539780     
   1.38949859737465       0.709195761117241     
   1.39299859824965       0.707540197567628     
   1.39649859912465       0.705891445593730     
   1.39999859999965       0.704249471054930     
   1.40349860087465       0.702614239967125     
   1.40699860174965       0.700985718502624     
   1.41049860262465       0.699363872990030     
   1.41399860349965       0.697748669914113     
   1.41749860437465       0.696140075915666     
   1.42099860524965       0.694538057791350     
   1.42449860612465       0.692942582493520     
   1.42799860699965       0.691353617130051     
   1.43149860787465       0.689771128964136     
   1.43499860874965       0.688195085414083     
   1.43849860962465       0.686625454053097     
   1.44199861049965       0.685062202609049     
   1.44549861137465       0.683505298964236     
   1.44899861224965       0.681954711155128     
   1.45249861312465       0.680410407372104     
   1.45599861399965       0.678872355959183     
   1.45949861487465       0.677340525413738     
   1.46299861574965       0.675814884386203     
   1.46649861662465       0.674295401679769     
   1.46999861749965       0.672782046250075     
   1.47349861837465       0.671274787204884     
   1.47699861924965       0.669773593803754     
   1.48049862012466       0.668278435457700     
   1.48399862099966       0.666789281728842     
   1.48749862187466       0.665306102330057     
   1.49099862274966       0.663828867124608     
   1.49449862362466       0.662357546125777     
   1.49799862449966       0.660892109496485     
   1.50149862537466       0.659432527548906     
   1.50499862624966       0.657978770744073     
   1.50849862712466       0.656530809691477     
   1.51199862799966       0.655088615148661     
   1.51549862887466       0.653652158020808     
   1.51899862974966       0.652221409360316     
   1.52249863062466       0.650796340366377     
   1.52599863149966       0.649376922384542     
   1.52949863237466       0.647963126906283     
   1.53299863324966       0.646554925568550     
   1.53649863412466       0.645152290153324     
   1.53999863499966       0.643755192587158     
   1.54349863587466       0.642363604940722     
   1.54699863674966       0.640977499428335     
   1.55049863762466       0.639596848407498     
   1.55399863849966       0.638221624378421     
   1.55749863937466       0.636851799983542     
   1.56099864024966       0.635487348007046     
   1.56449864112466       0.634128241374378     
   1.56799864199966       0.632774453151751     
   1.57149864287466       0.631425956545654     
   1.57499864374966       0.630082724902352     
   1.57849864462466       0.628744731707381     
   1.58199864549966       0.627411950585049     
   1.58549864637466       0.626084355297920     
   1.58899864724966       0.624761919746308     
   1.59249864812466       0.623444617967759     
   1.59599864899966       0.622132424136531     
   1.59949864987466       0.620825312563078     
   1.60299865074966       0.619523257693521     
   1.60649865162466       0.618226234109127     
   1.60999865249966       0.616934216525777     
   1.61349865337466       0.615647179793434     
   1.61699865424966       0.614365098895613     
   1.62049865512466       0.613087948948843     
   1.62399865599966       0.611815705202134     
   1.62749865687466       0.610548343036428     
   1.63099865774966       0.609285837964070     
   1.63449865862466       0.608028165628256     
   1.63799865949966       0.606775301802491     
   1.64149866037467       0.605527222390046     
   1.64499866124967       0.604283903423404     
   1.64849866212467       0.603045321063720     
   1.65199866299967       0.601811451600261     
   1.65549866387467       0.600582271449862     
   1.65899866474967       0.599357757156372     
   1.66249866562467       0.598137885390099     
   1.66599866649967       0.596922632947255     
   1.66949866737467       0.595711976749406     
   1.67299866824967       0.594505893842908     
   1.67649866912467       0.593304361398361     
   1.67999866999967       0.592107356710040     
   1.68349867087467       0.590914857195348     
   1.68699867174967       0.589726840394251     
   1.69049867262467       0.588543283968723     
   1.69399867349967       0.587364165702186     
   1.69749867437467       0.586189463498949     
   1.70099867524967       0.585019155383654     
   1.70449867612467       0.583853219500713     
   1.70799867699967       0.582691634113747     
   1.71149867787467       0.581534377605033     
   1.71499867874967       0.580381428474936     
   1.71849867962467       0.579232765341360     
   1.72199868049967       0.578088366939179     
   1.72549868137467       0.576948212119688     
   1.72899868224967       0.575812279850035     
   1.73249868312467       0.574680549212673     
   1.73599868399967       0.573552999404793     
   1.73949868487467       0.572429609737775     
   1.74299868574967       0.571310359636626     
   1.74649868662467       0.570195228639426     
   1.74999868749967       0.569084196396774     
   1.75349868837467       0.567977242671230     
   1.75699868924967       0.566874347336764     
   1.76049869012467       0.565775490378203     
   1.76399869099967       0.564680651890675     
   1.76749869187467       0.563589812079062     
   1.77099869274967       0.562502951257445     
   1.77449869362467       0.561420049848559     
   1.77799869449967       0.560341088383239     
   1.78149869537467       0.559266047499878     
   1.78499869624967       0.558194907943873     
   1.78849869712467       0.557127650567088     
   1.79199869799967       0.556064256327302     
   1.79549869887467       0.555004706287669     
   1.79899869974967       0.553948981616176     
   1.80249870062468       0.552897063585101     
   1.80599870149968       0.551848933570474     
   1.80949870237468       0.550804573051539     
   1.81299870324968       0.549763963610213     
   1.81649870412468       0.548727086930557     
   1.81999870499968       0.547693924798235     
   1.82349870587468       0.546664459099985     
   1.82699870674968       0.545638671823086     
   1.83049870762468       0.544616545054828     
   1.83399870849968       0.543598060981982     
   1.83749870937468       0.542583201890277     
   1.84099871024968       0.541571950163868     
   1.84449871112468       0.540564288284817     
   1.84799871199968       0.539560198832568     
   1.85149871287468       0.538559664483427     
   1.85499871374968       0.537562668010044     
   1.85849871462468       0.536569192280891     
   1.86199871549968       0.535579220259749     
   1.86549871637468       0.534592735005195     
   1.86899871724968       0.533609719670086     
   1.87249871812468       0.532630157501050     
   1.87599871899968       0.531654031837976     
   1.87949871987468       0.530681326113508     
   1.88299872074968       0.529712023852535     
   1.88649872162468       0.528746108671694     
   1.88999872249968       0.527783564278862     
   1.89349872337468       0.526824374472655     
   1.89699872424968       0.525868523141937     
   1.90049872512468       0.524915994265314     
   1.90399872599968       0.523966771910646     
   1.90749872687468       0.523020840234549     
   1.91099872774968       0.522078183481909     
   1.91449872862468       0.521138785985388     
   1.91799872949968       0.520202632164939     
   1.92149873037468       0.519269706527321     
   1.92499873124968       0.518339993665614     
   1.92849873212468       0.517413478258737     
   1.93199873299968       0.516490145070973     
   1.93549873387468       0.515569978951483     
   1.93899873474968       0.514652964833838     
   1.94249873562468       0.513739087735542     
   1.94599873649968       0.512828332757560     
   1.94949873737468       0.511920685083847     
   1.95299873824968       0.511016129980884     
   1.95649873912468       0.510114652797208     
   1.95999873999968       0.509216238962951     
   1.96349874087469       0.508320873989375     
   1.96699874174969       0.507428543468416     
   1.97049874262469       0.506539233072224     
   1.97399874349969       0.505652928552706     
   1.97749874437469       0.504769615741076     
   1.98099874524969       0.503889280547399     
   1.98449874612469       0.503011908960142     
   1.98799874699969       0.502137487045730     
   1.99149874787469       0.501266000948095     
   1.99499874874969       0.500397436888236     
   1.99849874962469       0.499531781163777     
   2.00199875049969       0.498669020148526     
   2.00549875137469       0.497809140292038     
   2.00899875224969       0.496952128119179     
   2.01249875312469       0.496097970229696     
   2.01599875399969       0.495246653297780     
   2.01949875487469       0.494398164071640     
   2.02299875574969       0.493552489373076     
   2.02649875662469       0.492709616097055     
   2.02999875749969       0.491869531211282     
   2.03349875837469       0.491032221755785     
   2.03699875924969       0.490197674842493     
   2.04049876012469       0.489365877654821     
   2.04399876099969       0.488536817447253     
   2.04749876187469       0.487710481544928     
   2.05099876274969       0.486886857343234     
   2.05449876362469       0.486065932307394     
   2.05799876449969       0.485247693972061     
   2.06149876537469       0.484432129940917     
   2.06499876624969       0.483619227886262     
   2.06849876712469       0.482808975548621     
   2.07199876799969       0.482001360736344     
   2.07549876887469       0.481196371325205     
   2.07899876974969       0.480393995258011     
   2.08249877062469       0.479594220544212     
   2.08599877149969       0.478797035259504     
   2.08949877237469       0.478002427545445     
   2.09299877324969       0.477210385609068     
   2.09649877412469       0.476420897722496     
   2.09999877499969       0.475633952222560     
   2.10349877587469       0.474849537510418     
   2.10699877674969       0.474067642051176     
   2.11049877762469       0.473288254373513     
   2.11399877849969       0.472511363069308     
   2.11749877937470       0.471736956793261     
   2.12099878024970       0.470965024262533     
   2.12449878112470       0.470195554256366     
   2.12799878199970       0.469428535615727     
   2.13149878287470       0.468663957242935     
   2.13499878374970       0.467901808101305     
   2.13849878462470       0.467142077214783     
   2.14199878549970       0.466384753667588     
   2.14549878637470       0.465629826603860     
   2.14899878724970       0.464877285227298     
   2.15249878812470       0.464127118800813     
   2.15599878899970       0.463379316646174     
   2.15949878987470       0.462633868143659     
   2.16299879074970       0.461890762731713     
   2.16649879162470       0.461149989906594     
   2.16999879249970       0.460411539222039     
   2.17349879337470       0.459675400288916     
   2.17699879424970       0.458941562774890     
   2.18049879512470       0.458210016404079     
   2.18399879599970       0.457480750956727     
   2.18749879687470       0.456753756268862     
   2.19099879774970       0.456029022231969     
   2.19449879862470       0.455306538792659     
   2.19799879949970       0.454586295952342     
   2.20149880037470       0.453868283766897     
   2.20499880124970       0.453152492346353     
   2.20849880212470       0.452438911854562     
   2.21199880299970       0.451727532508881     
   2.21549880387470       0.451018344579852     
   2.21899880474970       0.450311338390885     
   2.22249880562470       0.449606504317942     
   2.22599880649970       0.448903832789226     
   2.22949880737470       0.448203314284869     
   2.23299880824970       0.447504939336619     
   2.23649880912470       0.446808698527534     
   2.23999880999970       0.446114582491678     
   2.24349881087470       0.445422581913813     
   2.24699881174970       0.444732687529098     
   2.25049881262470       0.444044890122788     
   2.25399881349970       0.443359180529933     
   2.25749881437470       0.442675549635086     
   2.26099881524970       0.441993988371999     
   2.26449881612470       0.441314487723336     
   2.26799881699970       0.440637038720378     
   2.27149881787471       0.439961632442732     
   2.27499881874970       0.439288260018043     
   2.27849881962471       0.438616912621708     
   2.28199882049971       0.437947581476586     
   2.28549882137471       0.437280257852722     
   2.28899882224971       0.436614933067056     
   2.29249882312471       0.435951598483149     
   2.29599882399971       0.435290245510904     
   2.29949882487471       0.434630865606283     
   2.30299882574971       0.433973450271040     
   2.30649882662471       0.433317991052439     
   2.30999882749971       0.432664479542989     
   2.31349882837471       0.432012907380168     
   2.31699882924971       0.431363266246156     
   2.32049883012471       0.430715547867571     
   2.32399883099971       0.430069744015196     
   2.32749883187471       0.429425846503722     
   2.33099883274971       0.428783847191480     
   2.33449883362471       0.428143737980185     
   2.33799883449971       0.427505510814673     
   2.34149883537471       0.426869157682642     
   2.34499883624971       0.426234670614403     
   2.34849883712471       0.425602041682615     
   2.35199883799971       0.424971263002039     
   2.35549883887471       0.424342326729286     
   2.35899883974971       0.423715225062563     
   2.36249884062471       0.423089950241428     
   2.36599884149971       0.422466494546539     
   2.36949884237471       0.421844850299414     
   2.37299884324971       0.421225009862182     
   2.37649884412471       0.420606965637342     
   2.37999884499971       0.419990710067521     
   2.38349884587471       0.419376235635238     
   2.38699884674971       0.418763534862661     
   2.39049884762471       0.418152600311372     
   2.39399884849971       0.417543424582132     
   2.39749884937471       0.416936000314649     
   2.40099885024971       0.416330320187339     
   2.40449885112471       0.415726376917105     
   2.40799885199971       0.415124163259098     
   2.41149885287471       0.414523672006494     
   2.41499885374971       0.413924895990266     
   2.41849885462471       0.413327828078957     
   2.42199885549971       0.412732461178460     
   2.42549885637471       0.412138788231791     
   2.42899885724971       0.411546802218869     
   2.43249885812471       0.410956496156299     
   2.43599885899972       0.410367863097149     
   2.43949885987472       0.409780896130735     
   2.44299886074972       0.409195588382406     
   2.44649886162472       0.408611933013328     
   2.44999886249972       0.408029923220271     
   2.45349886337472       0.407449552235397     
   2.45699886424972       0.406870813326051     
   2.46049886512472       0.406293699794551     
   2.46399886599972       0.405718204977977     
   2.46749886687472       0.405144322247969     
   2.47099886774972       0.404572045010520     
   2.47449886862472       0.404001366705769     
   2.47799886949972       0.403432280807804     
   2.48149887037472       0.402864780824455     
   2.48499887124972       0.402298860297094     
   2.48849887212472       0.401734512800441     
   2.49199887299972       0.401171731942361     
   2.49549887387472       0.400610511363670     
   2.49899887474972       0.400050844737937     
   2.50249887562472       0.399492725771293     
   2.50599887649972       0.398936148202236     
   2.50949887737472       0.398381105801442     
   2.51299887824972       0.397827592371569     
   2.51649887912472       0.397275601747074     
   2.51999887999972       0.396725127794019     
   2.52349888087472       0.396176164409889     
   2.52699888174972       0.395628705523404     
   2.53049888262472       0.395082745094332     
   2.53399888349972       0.394538277113311     
   2.53749888437472       0.393995295601661     
   2.54099888524972       0.393453794611206     
   2.54449888612472       0.392913768224094     
   2.54799888699972       0.392375210552616     
   2.55149888787472       0.391838115739029     
   2.55499888874972       0.391302477955382     
   2.55849888962472       0.390768291403335     
   2.56199889049972       0.390235550313990     
   2.56549889137472       0.389704248947714     
   2.56899889224972       0.389174381593969     
   2.57249889312472       0.388645942571137     
   2.57599889399972       0.388118926226354     
   2.57949889487472       0.387593326935341     
   2.58299889574972       0.387069139102231     
   2.58649889662472       0.386546357159408     
   2.58999889749972       0.386024975567337     
   2.59349889837472       0.385504988814400     
   2.59699889924973       0.384986391416736     
   2.60049890012472       0.384469177918071     
   2.60399890099973       0.383953342889561     
   2.60749890187473       0.383438880929633     
   2.61099890274973       0.382925786663818     
   2.61449890362473       0.382414054744602     
   2.61799890449973       0.381903679851260     
   2.62149890537473       0.381394656689702     
   2.62499890624973       0.380886979992319     
   2.62849890712473       0.380380644517827     
   2.63199890799973       0.379875645051112     
   2.63549890887473       0.379371976403079     
   2.63899890974973       0.378869633410499     
   2.64249891062473       0.378368610935858     
   2.64599891149973       0.377868903867207     
   2.64949891237473       0.377370507118016     
   2.65299891324973       0.376873415627021     
   2.65649891412473       0.376377624358080     
   2.65999891499973       0.375883128300026     
   2.66349891587473       0.375389922466521     
   2.66699891674973       0.374898001895913     
   2.67049891762473       0.374407361651093     
   2.67399891849973       0.373917996819350     
   2.67749891937473       0.373429902512230     
   2.68099892024973       0.372943073865398     
   2.68449892112473       0.372457506038494     
   2.68799892199973       0.371973194214997     
   2.69149892287473       0.371490133602087     
   2.69499892374973       0.371008319430506     
   2.69849892462473       0.370527746954420     
   2.70199892549973       0.370048411451290     
   2.70549892637473       0.369570308221730     
   2.70899892724973       0.369093432589378     
   2.71249892812473       0.368617779900761     
   2.71599892899973       0.368143345525162     
   2.71949892987473       0.367670124854492     
   2.72299893074973       0.367198113303157     
   2.72649893162473       0.366727306307929     
   2.72999893249973       0.366257699327815     
   2.73349893337473       0.365789287843934     
   2.73699893424973       0.365322067359386     
   2.74049893512473       0.364856033399125     
   2.74399893599973       0.364391181509838     
   2.74749893687473       0.363927507259813     
   2.75099893774973       0.363465006238822     
   2.75449893862473       0.363003674057995     
   2.75799893949974       0.362543506349695     
   2.76149894037474       0.362084498767402     
   2.76499894124974       0.361626646985585     
   2.76849894212474       0.361169946699589     
   2.77199894299974       0.360714393625510     
   2.77549894387474       0.360259983500079     
   2.77899894474974       0.359806712080545     
   2.78249894562474       0.359354575144556     
   2.78599894649974       0.358903568490041     
   2.78949894737474       0.358453687935100     
   2.79299894824974       0.358004929317883     
   2.79649894912474       0.357557288496478     
   2.79999894999974       0.357110761348800     
   2.80349895087474       0.356665343772474     
   2.80699895174974       0.356221031684725     
   2.81049895262474       0.355777821022267     
   2.81399895349974       0.355335707741193     
   2.81749895437474       0.354894687816862     
   2.82099895524974       0.354454757243791     
   2.82449895612474       0.354015912035550     
   2.82799895699974       0.353578148224648     
   2.83149895787474       0.353141461862430     
   2.83499895874974       0.352705849018969     
   2.83849895962474       0.352271305782961     
   2.84199896049974       0.351837828261618     
   2.84549896137474       0.351405412580565     
   2.84899896224974       0.350974054883736     
   2.85249896312474       0.350543751333269     
   2.85599896399974       0.350114498109408     
   2.85949896487474       0.349686291410393     
   2.86299896574974       0.349259127452368     
   2.86649896662474       0.348833002469272     
   2.86999896749974       0.348407912712746     
   2.87349896837474       0.347983854452027     
   2.87699896924974       0.347560823973855     
   2.88049897012474       0.347138817582372     
   2.88399897099974       0.346717831599023     
   2.88749897187474       0.346297862362463     
   2.89099897274974       0.345878906228456     
   2.89449897362474       0.345460959569783     
   2.89799897449974       0.345044018776145     
   2.90149897537474       0.344628080254070     
   2.90499897624974       0.344213140426817     
   2.90849897712474       0.343799195734282     
   2.91199897799974       0.343386242632911     
   2.91549897887474       0.342974277595599     
   2.91899897974975       0.342563297111605     
   2.92249898062475       0.342153297686460     
   2.92599898149975       0.341744275841872     
   2.92949898237475       0.341336228115644     
   2.93299898324975       0.340929151061575     
   2.93649898412475       0.340523041249380     
   2.93999898499975       0.340117895264597     
   2.94349898587475       0.339713709708499     
   2.94699898674975       0.339310481198010     
   2.95049898762475       0.338908206365615     
   2.95399898849975       0.338506881859276     
   2.95749898937475       0.338106504342346     
   2.96099899024975       0.337707070493483     
   2.96449899112475       0.337308577006567     
   2.96799899199975       0.336911020590616     
   2.97149899287475       0.336514397969701     
   2.97499899374975       0.336118705882864     
   2.97849899462475       0.335723941084036     
   2.98199899549975       0.335330100341955     
   2.98549899637475       0.334937180440084     
   2.98899899724975       0.334545178176531     
   2.99249899812475       0.334154090363968     
   2.99599899899975       0.333763913829549     
   2.99949899987475       0.333374645414837     
   3.00299900074975       0.332986281975717     
   3.00649900162475       0.332598820382325     
   3.00999900249975       0.332212257518963     
   3.01349900337475       0.331826590284029     
   3.01699900424975       0.331441815589934     
   3.02049900512475       0.331057930363027     
   3.02399900599975       0.330674931543522     
   3.02749900687475       0.330292816085419     
   3.03099900774975       0.329911580956430     
   3.03449900862475       0.329531223137906     
   3.03799900949975       0.329151739624759     
   3.04149901037475       0.328773127425393     
   3.04499901124975       0.328395383561627     
   3.04849901212475       0.328018505068624     
   3.05199901299975       0.327642488994820     
   3.05549901387475       0.327267332401847     
   3.05899901474975       0.326893032364469     
   3.06249901562475       0.326519585970504     
   3.06599901649975       0.326146990320758     
   3.06949901737475       0.325775242528952     
   3.07299901824975       0.325404339721656     
   3.07649901912476       0.325034279038216     
   3.07999901999976       0.324665057630684     
   3.08349902087476       0.324296672663757     
   3.08699902174976       0.323929121314700     
   3.09049902262476       0.323562400773284     
   3.09399902349976       0.323196508241717     
   3.09749902437476       0.322831440934579     
   3.10099902524976       0.322467196078751     
   3.10449902612476       0.322103770913354     
   3.10799902699976       0.321741162689683     
   3.11149902787476       0.321379368671138     
   3.11499902874976       0.321018386133163     
   3.11849902962476       0.320658212363180     
   3.12199903049976       0.320298844660526     
   3.12549903137476       0.319940280336388     
   3.12899903224976       0.319582516713742     
   3.13249903312476       0.319225551127287     
   3.13599903399976       0.318869380923385     
   3.13949903487476       0.318514003460000     
   3.14299903574976       0.318159416106633     
   3.14649903662476       0.317805616244263     
   3.14999903749976       0.317452601265285     
   3.15349903837476       0.317100368573451     
   3.15699903924976       0.316748915583809     
   3.16049904012476       0.316398239722642     
   3.16399904099976       0.316048338427409     
   3.16749904187476       0.315699209146688     
   3.17099904274976       0.315350849340116     
   3.17449904362476       0.315003256478329     
   3.17799904449976       0.314656428042906     
   3.18149904537476       0.314310361526310     
   3.18499904624976       0.313965054431833     
   3.18849904712476       0.313620504273537     
   3.19199904799976       0.313276708576195     
   3.19549904887476       0.312933664875242     
   3.19899904974976       0.312591370716712     
   3.20249905062476       0.312249823657184     
   3.20599905149976       0.311909021263730     
   3.20949905237476       0.311568961113857     
   3.21299905324976       0.311229640795451     
   3.21649905412476       0.310891057906729     
   3.21999905499976       0.310553210056176     
   3.22349905587476       0.310216094862501     
   3.22699905674976       0.309879709954576     
   3.23049905762476       0.309544052971386     
   3.23399905849976       0.309209121561978     
   3.23749905937477       0.308874913385405     
   3.24099906024977       0.308541426110677     
   3.24449906112477       0.308208657416708     
   3.24799906199977       0.307876604992266     
   3.25149906287477       0.307545266535918     
   3.25499906374977       0.307214639755984     
   3.25849906462477       0.306884722370482     
   3.26199906549977       0.306555512107084     
   3.26549906637477       0.306227006703059     
   3.26899906724977       0.305899203905227     
   3.27249906812477       0.305572101469911     
   3.27599906899977       0.305245697162884     
   3.27949906987477       0.304919988759325     
   3.28299907074977       0.304594974043767     
   3.28649907162477       0.304270650810049     
   3.28999907249977       0.303947016861272     
   3.29349907337477       0.303624070009745     
   3.29699907424977       0.303301808076945     
   3.30049907512477       0.302980228893463     
   3.30399907599977       0.302659330298963     
   3.30749907687477       0.302339110142132     
   3.31099907774977       0.302019566280636     
   3.31449907862477       0.301700696581070     
   3.31799907949977       0.301382498918920     
   3.32149908037477       0.301064971178510     
   3.32499908124977       0.300748111252961     
   3.32849908212477       0.300431917044144     
   3.33199908299977       0.300116386462639     
   3.33549908387477       0.299801517427685     
   3.33899908474977       0.299487307867142     
   3.34249908562477       0.299173755717444     
   3.34599908649977       0.298860858923555     
   3.34949908737477       0.298548615438926     
   3.35299908824977       0.298237023225456     
   3.35649908912477       0.297926080253442     
   3.35999908999977       0.297615784501543     
   3.36349909087477       0.297306133956734     
   3.36699909174977       0.296997126614266     
   3.37049909262477       0.296688760477623     
   3.37399909349977       0.296381033558480     
   3.37749909437477       0.296073943876664     
   3.38099909524977       0.295767489460112     
   3.38449909612477       0.295461668344827     
   3.38799909699977       0.295156478574843     
   3.39149909787477       0.294851918202180     
   3.39499909874977       0.294547985286809     
   3.39849909962478       0.294244677896605     
   3.40199910049978       0.293941994107314     
   3.40549910137478       0.293639932002509     
   3.40899910224978       0.293338489673556     
   3.41249910312478       0.293037665219568     
   3.41599910399978       0.292737456747374     
   3.41949910487478       0.292437862371474     
   3.42299910574978       0.292138880214004     
   3.42649910662478       0.291840508404698     
   3.42999910749978       0.291542745080851     
   3.43349910837478       0.291245588387277     
   3.43699910924978       0.290949036476277     
   3.44049911012478       0.290653087507599     
   3.44399911099978       0.290357739648401     
   3.44749911187478       0.290062991073216     
   3.45099911274978       0.289768839963913     
   3.45449911362478       0.289475284509663     
   3.45799911449978       0.289182322906903     
   3.46149911537478       0.288889953359296     
   3.46499911624978       0.288598174077701     
   3.46849911712478       0.288306983280135     
   3.47199911799978       0.288016379191735     
   3.47549911887478       0.287726360044729     
   3.47899911974978       0.287436924078396     
   3.48249912062478       0.287148069539033     
   3.48599912149978       0.286859794679921     
   3.48949912237478       0.286572097761289     
   3.49299912324978       0.286284977050285     
   3.49649912412478       0.285998430820933     
   3.49999912499978       0.285712457354110     
   3.50349912587478       0.285427054937503     
   3.50699912674978       0.285142221865583     
   3.51049912762478       0.284857956439566     
   3.51399912849978       0.284574256967387     
   3.51749912937478       0.284291121763658     
   3.52099913024978       0.284008549149644     
   3.52449913112478       0.283726537453227     
   3.52799913199978       0.283445085008873     
   3.53149913287478       0.283164190157603     
   3.53499913374978       0.282883851246956     
   3.53849913462478       0.282604066630965     
   3.54199913549978       0.282324834670116     
   3.54549913637478       0.282046153731328     
   3.54899913724978       0.281768022187910     
   3.55249913812479       0.281490438419540     
   3.55599913899978       0.281213400812229     
   3.55949913987479       0.280936907758290     
   3.56299914074979       0.280660957656313     
   3.56649914162479       0.280385548911126     
   3.56999914249979       0.280110679933775     
   3.57349914337479       0.279836349141486     
   3.57699914424979       0.279562554957639     
   3.58049914512479       0.279289295811737     
   3.58399914599979       0.279016570139380     
   3.58749914687479       0.278744376382231     
   3.59099914774979       0.278472712987990     
   3.59449914862479       0.278201578410363     
   3.59799914949979       0.277930971109037     
   3.60149915037479       0.277660889549648     
   3.60499915124979       0.277391332203751     
   3.60849915212479       0.277122297548799     
   3.61199915299979       0.276853784068106     
   3.61549915387479       0.276585790250827     
   3.61899915474979       0.276318314591924     
   3.62249915562479       0.276051355592142     
   3.62599915649979       0.275784911757979     
   3.62949915737479       0.275518981601663     
   3.63299915824979       0.275253563641120     
   3.63649915912479       0.274988656399949     
   3.63999915999979       0.274724258407397     
   3.64349916087479       0.274460368198327     
   3.64699916174979       0.274196984313199     
   3.65049916262479       0.273934105298036     
   3.65399916349979       0.273671729704403     
   3.65749916437479       0.273409856089380     
   3.66099916524979       0.273148483015533     
   3.66449916612479       0.272887609050891     
   3.66799916699979       0.272627232768920     
   3.67149916787479       0.272367352748498     
   3.67499916874979       0.272107967573887     
   3.67849916962479       0.271849075834709     
   3.68199917049979       0.271590676125925     
   3.68549917137479       0.271332767047801     
   3.68899917224979       0.271075347205892     
   3.69249917312479       0.270818415211014     
   3.69599917399979       0.270561969679217     
   3.69949917487479       0.270306009231764     
   3.70299917574979       0.270050532495105     
   3.70649917662479       0.269795538100855     
   3.70999917749979       0.269541024685765     
   3.71349917837479       0.269286990891703     
   3.71699917924979       0.269033435365631     
   3.72049918012480       0.268780356759574     
   3.72399918099980       0.268527753730606     
   3.72749918187480       0.268275624940818     
   3.73099918274980       0.268023969057303     
   3.73449918362480       0.267772784752125     
   3.73799918449980       0.267522070702301     
   3.74149918537480       0.267271825589777     
   3.74499918624980       0.267022048101405     
   3.74849918712480       0.266772736928920     
   3.75199918799980       0.266523890768917     
   3.75549918887480       0.266275508322832     
   3.75899918974980       0.266027588296915     
   3.76249919062480       0.265780129402210     
   3.76599919149980       0.265533130354534     
   3.76949919237480       0.265286589874455     
   3.77299919324980       0.265040506687266     
   3.77649919412480       0.264794879522971     
   3.77999919499980       0.264549707116256     
   3.78349919587480       0.264304988206472     
   3.78699919674980       0.264060721537612     
   3.79049919762480       0.263816905858291     
   3.79399919849980       0.263573539921722     
   3.79749919937480       0.263330622485699     
   3.80099920024980       0.263088152312574     
   3.80449920112480       0.262846128169237     
   3.80799920199980       0.262604548827093     
   3.81149920287480       0.262363413062045     
   3.81499920374980       0.262122719654472     
   3.81849920462480       0.261882467389208     
   3.82199920549980       0.261642655055521     
   3.82549920637480       0.261403281447099     
   3.82899920724980       0.261164345362019     
   3.83249920812480       0.260925845602739     
   3.83599920899980       0.260687780976070     
   3.83949920987480       0.260450150293160     
   3.84299921074980       0.260212952369472     
   3.84649921162480       0.259976186024767     
   3.84999921249980       0.259739850083086     
   3.85349921337480       0.259503943372724     
   3.85699921424980       0.259268464726219     
   3.86049921512480       0.259033412980328     
   3.86399921599980       0.258798786976008     
   3.86749921687480       0.258564585558401     
   3.87099921774980       0.258330807576812     
   3.87449921862480       0.258097451884689     
   3.87799921949981       0.257864517339610     
   3.88149922037481       0.257632002803258     
   3.88499922124981       0.257399907141408     
   3.88849922212481       0.257168229223905     
   3.89199922299981       0.256936967924649     
   3.89549922387481       0.256706122121574     
   3.89899922474981       0.256475690696632     
   3.90249922562481       0.256245672535775     
   3.90599922649981       0.256016066528934     
   3.90949922737481       0.255786871570009     
   3.91299922824981       0.255558086556841     
   3.91649922912481       0.255329710391205     
   3.91999922999981       0.255101741978783     
   3.92349923087481       0.254874180229154     
   3.92699923174981       0.254647024055775     
   3.93049923262481       0.254420272375960     
   3.93399923349981       0.254193924110867     
   3.93749923437481       0.253967978185482     
   3.94099923524981       0.253742433528597     
   3.94449923612481       0.253517289072798     
   3.94799923699981       0.253292543754445     
   3.95149923787481       0.253068196513661     
   3.95499923874981       0.252844246294306     
   3.95849923962481       0.252620692043971     
   3.96199924049981       0.252397532713953     
   3.96549924137481       0.252174767259245     
   3.96899924224981       0.251952394638516     
   3.97249924312481       0.251730413814097     
   3.97599924399981       0.251508823751964     
   3.97949924487481       0.251287623421721     
   3.98299924574981       0.251066811796588     
   3.98649924662481       0.250846387853381     
   3.98999924749981       0.250626350572498     
   3.99349924837481       0.250406698937904     
   3.99699924924981       0.250187431937115     
   4.00049925012481       0.249968548561182     
   4.00399925099981       0.249750047804677     
   4.00749925187481       0.249531928665676     
   4.01099925274981       0.249314190145744     
   4.01449925362481       0.249096831249923     
   4.01799925449981       0.248879850986712     
   4.02149925537481       0.248663248368057     
   4.02499925624981       0.248447022409331     
   4.02849925712481       0.248231172129324     
   4.03199925799981       0.248015696550225     
   4.03549925887481       0.247800594697609     
   4.03899925974981       0.247585865600422     
   4.04249926062481       0.247371508290966     
   4.04599926149982       0.247157521804885     
   4.04949926237482       0.246943905181150     
   4.05299926324982       0.246730657462048     
   4.05649926412482       0.246517777693161     
   4.05999926499982       0.246305264923360     
   4.06349926587482       0.246093118204783     
   4.06699926674982       0.245881336592829     
   4.07049926762482       0.245669919146137     
   4.07399926849982       0.245458864926576     
   4.07749926937482       0.245248172999230     
   4.08099927024982       0.245037842432385     
   4.08449927112482       0.244827872297517     
   4.08799927199982       0.244618261669272     
   4.09149927287482       0.244409009625460     
   4.09499927374982       0.244200115247038     
   4.09849927462482       0.243991577618096     
   4.10199927549982       0.243783395825847     
   4.10549927637482       0.243575568960610     
   4.10899927724982       0.243368096115798     
   4.11249927812482       0.243160976387906     
   4.11599927899982       0.242954208876497     
   4.11949927987482       0.242747792684190     
   4.12299928074982       0.242541726916645     
   4.12649928162482       0.242336010682553     
   4.12999928249982       0.242130643093620     
   4.13349928337482       0.241925623264558     
   4.13699928424982       0.241720950313069     
   4.14049928512482       0.241516623359835     
   4.14399928599982       0.241312641528502     
   4.14749928687482       0.241109003945673     
   4.15099928774982       0.240905709740890     
   4.15449928862482       0.240702758046626     
   4.15799928949982       0.240500147998268     
   4.16149929037482       0.240297878734110     
   4.16499929124982       0.240095949395339     
   4.16849929212482       0.239894359126019     
   4.17199929299982       0.239693107073087     
   4.17549929387482       0.239492192386332     
   4.17899929474982       0.239291614218389     
   4.18249929562482       0.239091371724728     
   4.18599929649982       0.238891464063636     
   4.18949929737482       0.238691890396212     
   4.19299929824982       0.238492649886350     
   4.19649929912482       0.238293741700732     
   4.19999929999983       0.238095165008812     
   4.20349930087483       0.237896918982809     
   4.20699930174983       0.237699002797693     
   4.21049930262483       0.237501415631171     
   4.21399930349983       0.237304156663681     
   4.21749930437483       0.237107225078380     
   4.22099930524983       0.236910620061126     
   4.22449930612483       0.236714340800477     
   4.22799930699983       0.236518386487671     
   4.23149930787483       0.236322756316621     
   4.23499930874983       0.236127449483901     
   4.23849930962483       0.235932465188736     
   4.24199931049983       0.235737802632990     
   4.24549931137483       0.235543461021156     
   4.24899931224983       0.235349439560347     
   4.25249931312483       0.235155737460281     
   4.25599931399983       0.234962353933275     
   4.25949931487483       0.234769288194231     
   4.26299931574983       0.234576539460626     
   4.26649931662483       0.234384106952504     
   4.26999931749983       0.234191989892462     
   4.27349931837483       0.234000187505641     
   4.27699931924983       0.233808699019717     
   4.28049932012483       0.233617523664888     
   4.28399932099983       0.233426660673868     
   4.28749932187483       0.233236109281869     
   4.29099932274983       0.233045868726601     
   4.29449932362483       0.232855938248253     
   4.29799932449983       0.232666317089488     
   4.30149932537483       0.232477004495432     
   4.30499932624983       0.232287999713663     
   4.30849932712483       0.232099301994201     
   4.31199932799983       0.231910910589500     
   4.31549932887483       0.231722824754437     
   4.31899932974983       0.231535043746299     
   4.32249933062483       0.231347566824781     
   4.32599933149983       0.231160393251969     
   4.32949933237483       0.230973522292333     
   4.33299933324983       0.230786953212718     
   4.33649933412483       0.230600685282334     
   4.33999933499983       0.230414717772747     
   4.34349933587483       0.230229049957867     
   4.34699933674983       0.230043681113941     
   4.35049933762483       0.229858610519546     
   4.35399933849983       0.229673837455573     
   4.35749933937484       0.229489361205223     
   4.36099934024984       0.229305181053997     
   4.36449934112484       0.229121296289684     
   4.36799934199983       0.228937706202357     
   4.37149934287484       0.228754410084358     
   4.37499934374984       0.228571407230293     
   4.37849934462484       0.228388696937022     
   4.38199934549984       0.228206278503649     
   4.38549934637484       0.228024151231514     
   4.38899934724984       0.227842314424185     
   4.39249934812484       0.227660767387446     
   4.39599934899984       0.227479509429291     
   4.39949934987484       0.227298539859916     
   4.40299935074984       0.227117857991708     
   4.40649935162484       0.226937463139235     
   4.40999935249984       0.226757354619243     
   4.41349935337484       0.226577531750640     
   4.41699935424984       0.226397993854496     
   4.42049935512484       0.226218740254025     
   4.42399935599984       0.226039770274584     
   4.42749935687484       0.225861083243661     
   4.43099935774984       0.225682678490868     
   4.43449935862484       0.225504555347932     
   4.43799935949984       0.225326713148685     
   4.44149936037484       0.225149151229061     
   4.44499936124984       0.224971868927080     
   4.44849936212484       0.224794865582847     
   4.45199936299984       0.224618140538541     
   4.45549936387484       0.224441693138404     
   4.45899936474984       0.224265522728739     
   4.46249936562484       0.224089628657896     
   4.46599936649984       0.223914010276268     
   4.46949936737484       0.223738666936281     
   4.47299936824984       0.223563597992386     
   4.47649936912484       0.223388802801053     
   4.47999936999984       0.223214280720762     
   4.48349937087484       0.223040031111993     
   4.48699937174984       0.222866053337224     
   4.49049937262484       0.222692346760915     
   4.49399937349984       0.222518910749507     
   4.49749937437484       0.222345744671414     
   4.50099937524984       0.222172847897010     
   4.50449937612484       0.222000219798626     
   4.50799937699984       0.221827859750542     
   4.51149937787484       0.221655767128979     
   4.51499937874985       0.221483941312089     
   4.51849937962484       0.221312381679953     
   4.52199938049985       0.221141087614567     
   4.52549938137484       0.220970058499840     
   4.52899938224985       0.220799293721583     
   4.53249938312485       0.220628792667505     
   4.53599938399985       0.220458554727202     
   4.53949938487485       0.220288579292154     
   4.54299938574985       0.220118865755712     
   4.54649938662485       0.219949413513097     
   4.54999938749985       0.219780221961389     
   4.55349938837485       0.219611290499521     
   4.55699938924985       0.219442618528271     
   4.56049939012485       0.219274205450256     
   4.56399939099985       0.219106050669925     
   4.56749939187485       0.218938153593553     
   4.57099939274985       0.218770513629229     
   4.57449939362485       0.218603130186856     
   4.57799939449985       0.218436002678140     
   4.58149939537485       0.218269130516582     
   4.58499939624985       0.218102513117477     
   4.58849939712485       0.217936149897899     
   4.59199939799985       0.217770040276701     
   4.59549939887485       0.217604183674506     
   4.59899939974985       0.217438579513697     
   4.60249940062485       0.217273227218418     
   4.60599940149985       0.217108126214557     
   4.60949940237485       0.216943275929751     
   4.61299940324985       0.216778675793368     
   4.61649940412485       0.216614325236510     
   4.61999940499985       0.216450223691999     
   4.62349940587485       0.216286370594377     
   4.62699940674985       0.216122765379893     
   4.63049940762485       0.215959407486501     
   4.63399940849985       0.215796296353855     
   4.63749940937485       0.215633431423295     
   4.64099941024985       0.215470812137851     
   4.64449941112485       0.215308437942226     
   4.64799941199985       0.215146308282800     
   4.65149941287485       0.214984422607615     
   4.65499941374985       0.214822780366375     
   4.65849941462485       0.214661381010434     
   4.66199941549985       0.214500223992797     
   4.66549941637485       0.214339308768107     
   4.66899941724985       0.214178634792643     
   4.67249941812485       0.214018201524312     
   4.67599941899985       0.213858008422643     
   4.67949941987485       0.213698054948783     
   4.68299942074986       0.213538340565488     
   4.68649942162486       0.213378864737119     
   4.68999942249985       0.213219626929636     
   4.69349942337486       0.213060626610590     
   4.69699942424986       0.212901863249120     
   4.70049942512486       0.212743336315944     
   4.70399942599986       0.212585045283357     
   4.70749942687486       0.212426989625221     
   4.71099942774986       0.212269168816962     
   4.71449942862486       0.212111582335563     
   4.71799942949986       0.211954229659559     
   4.72149943037486       0.211797110269029     
   4.72499943124986       0.211640223645596     
   4.72849943212486       0.211483569272412     
   4.73199943299986       0.211327146634163     
   4.73549943387486       0.211170955217053     
   4.73899943474986       0.211014994508809     
   4.74249943562486       0.210859263998665     
   4.74599943649986       0.210703763177363     
   4.74949943737486       0.210548491537147     
   4.75299943824986       0.210393448571755     
   4.75649943912486       0.210238633776414     
   4.75999943999986       0.210084046647836     
   4.76349944087486       0.209929686684213     
   4.76699944174986       0.209775553385208     
   4.77049944262486       0.209621646251955     
   4.77399944349986       0.209467964787047     
   4.77749944437486       0.209314508494536     
   4.78099944524986       0.209161276879928     
   4.78449944612486       0.209008269450172     
   4.78799944699986       0.208855485713659     
   4.79149944787486       0.208702925180219     
   4.79499944874986       0.208550587361110     
   4.79849944962486       0.208398471769017     
   4.80199945049986       0.208246577918043     
   4.80549945137486       0.208094905323710     
   4.80899945224986       0.207943453502947     
   4.81249945312486       0.207792221974090     
   4.81599945399986       0.207641210256874     
   4.81949945487486       0.207490417872429     
   4.82299945574986       0.207339844343273     
   4.82649945662486       0.207189489193313     
   4.82999945749986       0.207039351947831     
   4.83349945837486       0.206889432133486     
   4.83699945924987       0.206739729278308     
   4.84049946012486       0.206590242911688     
   4.84399946099987       0.206440972564381     
   4.84749946187487       0.206291917768495     
   4.85099946274987       0.206143078057486     
   4.85449946362487       0.205994452966160     
   4.85799946449987       0.205846042030660     
   4.86149946537487       0.205697844788465     
   4.86499946624987       0.205549860778385     
   4.86849946712487       0.205402089540556     
   4.87199946799987       0.205254530616435     
   4.87549946887487       0.205107183548796     
   4.87899946974987       0.204960047881725     
   4.88249947062487       0.204813123160614     
   4.88599947149987       0.204666408932157     
   4.88949947237487       0.204519904744348     
   4.89299947324987       0.204373610146471     
   4.89649947412487       0.204227524689102     
   4.89999947499987       0.204081647924098     
   4.90349947587487       0.203935979404595     
   4.90699947674987       0.203790518685007     
   4.91049947762487       0.203645265321016     
   4.91399947849987       0.203500218869568     
   4.91749947937487       0.203355378888873     
   4.92099948024987       0.203210744938397     
   4.92449948112487       0.203066316578857     
   4.92799948199987       0.202922093372219     
   4.93149948287487       0.202778074881692     
   4.93499948374987       0.202634260671724     
   4.93849948462487       0.202490650307996     
   4.94199948549987       0.202347243357423     
   4.94549948637487       0.202204039388142     
   4.94899948724987       0.202061037969512     
   4.95249948812487       0.201918238672112     
   4.95599948899987       0.201775641067731     
   4.95949948987487       0.201633244729368     
   4.96299949074987       0.201491049231225     
   4.96649949162487       0.201349054148706     
   4.96999949249987       0.201207259058409     
   4.97349949337487       0.201065663538126     
   4.97699949424987       0.200924267166834     
   4.98049949512487       0.200783069524694     
   4.98399949599987       0.200642070193048     
   4.98749949687487       0.200501268754410     
   4.99099949774987       0.200360664792468     
   4.99449949862487       0.200220257892074     
   4.99799949949987       0.200080047639245     
   5.00149950037487       0.199940033621156     
   5.00499950124988       0.199800215426135     
   5.00849950212488       0.199660592643663     
   5.01199950299988       0.199521164864365     
   5.01549950387488       0.199381931680013     
   5.01899950474988       0.199242892683511     
   5.02249950562488       0.199104047468904     
   5.02599950649988       0.198965395631364     
   5.02949950737488       0.198826936767190     
   5.03299950824988       0.198688670473806     
   5.03649950912488       0.198550596349752     
   5.03999950999988       0.198412713994685     
   5.04349951087488       0.198275023009372     
   5.04699951174988       0.198137522995689     
   5.05049951262488       0.198000213556613     
   5.05399951349988       0.197863094296224     
   5.05749951437488       0.197726164819694     
   5.06099951524988       0.197589424733290     
   5.06449951612488       0.197452873644366     
   5.06799951699988       0.197316511161362     
   5.07149951787488       0.197180336893796     
   5.07499951874988       0.197044350452265     
   5.07849951962488       0.196908551448440     
   5.08199952049988       0.196772939495060     
   5.08549952137488       0.196637514205931     
   5.08899952224988       0.196502275195922     
   5.09249952312488       0.196367222080958     
   5.09599952399988       0.196232354478022     
   5.09949952487488       0.196097672005148     
   5.10299952574988       0.195963174281415     
   5.10649952662488       0.195828860926950     
   5.10999952749988       0.195694731562918     
   5.11349952837488       0.195560785811523     
   5.11699952924988       0.195427023296002     
   5.12049953012488       0.195293443640619     
   5.12399953099988       0.195160046470670     
   5.12749953187488       0.195026831412470     
   5.13099953274988       0.194893798093355     
   5.13449953362488       0.194760946141676     
   5.13799953449988       0.194628275186798     
   5.14149953537488       0.194495784859094     
   5.14499953624988       0.194363474789944     
   5.14849953712488       0.194231344611728     
   5.15199953799988       0.194099393957828     
   5.15549953887488       0.193967622462618     
   5.15899953974988       0.193836029761467     
   5.16249954062489       0.193704615490732     
   5.16599954149989       0.193573379287754     
   5.16949954237489       0.193442320790858     
   5.17299954324989       0.193311439639346     
   5.17649954412489       0.193180735473498     
   5.17999954499989       0.193050207934563     
   5.18349954587489       0.192919856664761     
   5.18699954674989       0.192789681307276     
   5.19049954762489       0.192659681506257     
   5.19399954849989       0.192529856906809     
   5.19749954937489       0.192400207154996     
   5.20099955024989       0.192270731897830     
   5.20449955112489       0.192141430783279     
   5.20799955199989       0.192012303460251     
   5.21149955287489       0.191883349578600     
   5.21499955374989       0.191754568789121     
   5.21849955462489       0.191625960743544     
   5.22199955549989       0.191497525094533     
   5.22549955637489       0.191369261495683     
   5.22899955724989       0.191241169601515     
   5.23249955812489       0.191113249067476     
   5.23599955899989       0.190985499549934     
   5.23949955987489       0.190857920706173     
   5.24299956074989       0.190730512194396     
   5.24649956162489       0.190603273673715     
   5.24999956249989       0.190476204804150     
   5.25349956337489       0.190349305246631     
   5.25699956424989       0.190222574662988     
   5.26049956512489       0.190096012715951     
   5.26399956599989       0.189969619069147     
   5.26749956687489       0.189843393387099     
   5.27099956774989       0.189717335335219     
   5.27449956862489       0.189591444579807     
   5.27799956949989       0.189465720788048     
   5.28149957037489       0.189340163628011     
   5.28499957124989       0.189214772768643     
   5.28849957212489       0.189089547879767     
   5.29199957299989       0.188964488632079     
   5.29549957387489       0.188839594697148     
   5.29899957474989       0.188714865747407     
   5.30249957562489       0.188590301456157     
   5.30599957649989       0.188465901497560     
   5.30949957737489       0.188341665546637     
   5.31299957824989       0.188217593279264     
   5.31649957912490       0.188093684372172     
   5.31999957999990       0.187969938502944     
   5.32349958087489       0.187846355350007     
   5.32699958174990       0.187722934592637     
   5.33049958262490       0.187599675910949     
   5.33399958349990       0.187476578985900     
   5.33749958437490       0.187353643499284     
   5.34099958524990       0.187230869133726     
   5.34449958612490       0.187108255572686     
   5.34799958699990       0.186985802500451     
   5.35149958787490       0.186863509602132     
   5.35499958874990       0.186741376563667     
   5.35849958962490       0.186619403071811     
   5.36199959049990       0.186497588814140     
   5.36549959137490       0.186375933479043     
   5.36899959224990       0.186254436755721     
   5.37249959312490       0.186133098334187     
   5.37599959399990       0.186011917905260     
   5.37949959487490       0.185890895160564     
   5.38299959574990       0.185770029792524     
   5.38649959662490       0.185649321494366     
   5.38999959749990       0.185528769960111     
   5.39349959837490       0.185408374884576     
   5.39699959924990       0.185288135963368     
   5.40049960012490       0.185168052892885     
   5.40399960099990       0.185048125370309     
   5.40749960187490       0.184928353093608     
   5.41099960274990       0.184808735761531     
   5.41449960362490       0.184689273073604     
   5.41799960449990       0.184569964730133     
   5.42149960537490       0.184450810432195     
   5.42499960624990       0.184331809881639     
   5.42849960712490       0.184212962781083     
   5.43199960799990       0.184094268833913     
   5.43549960887490       0.183975727744276     
   5.43899960974990       0.183857339217083     
   5.44249961062490       0.183739102958003     
   5.44599961149990       0.183621018673461     
   5.44949961237490       0.183503086070638     
   5.45299961324990       0.183385304857464     
   5.45649961412490       0.183267674742622     
   5.45999961499990       0.183150195435538     
   5.46349961587490       0.183032866646386     
   5.46699961674990       0.182915688086079     
   5.47049961762490       0.182798659466274     
   5.47399961849990       0.182681780499361     
   5.47749961937491       0.182565050898467     
   5.48099962024990       0.182448470377452     
   5.48449962112491       0.182332038650907     
   5.48799962199991       0.182215755434149     
   5.49149962287491       0.182099620443222     
   5.49499962374991       0.181983633394894     
   5.49849962462491       0.181867794006654     
   5.50199962549991       0.181752101996708     
   5.50549962637491       0.181636557083980     
   5.50899962724991       0.181521158988109     
   5.51249962812491       0.181405907429445     
   5.51599962899991       0.181290802129047     
   5.51949962987491       0.181175842808683     
   5.52299963074991       0.181061029190827     
   5.52649963162491       0.180946360998653     
   5.52999963249991       0.180831837956037     
   5.53349963337491       0.180717459787556     
   5.53699963424991       0.180603226218481     
   5.54049963512491       0.180489136974777     
   5.54399963599991       0.180375191783102     
   5.54749963687491       0.180261390370803     
   5.55099963774991       0.180147732465916     
   5.55449963862491       0.180034217797161     
   5.55799963949991       0.179920846093942     
   5.56149964037491       0.179807617086343     
   5.56499964124991       0.179694530505130     
   5.56849964212491       0.179581586081743     
   5.57199964299991       0.179468783548298     
   5.57549964387491       0.179356122637582     
   5.57899964474991       0.179243603083055     
   5.58249964562491       0.179131224618844     
   5.58599964649991       0.179018986979743     
   5.58949964737491       0.178906889901210     
   5.59299964824991       0.178794933119364     
   5.59649964912491       0.178683116370986     
   5.59999964999991       0.178571439393514     
   5.60349965087491       0.178459901925042     
   5.60699965174991       0.178348503704317     
   5.61049965262491       0.178237244470741     
   5.61399965349991       0.178126123964363     
   5.61749965437491       0.178015141925881     
   5.62099965524991       0.177904298096637     
   5.62449965612491       0.177793592218620     
   5.62799965699991       0.177683024034459     
   5.63149965787491       0.177572593287422     
   5.63499965874991       0.177462299721416     
   5.63849965962492       0.177352143080984     
   5.64199966049992       0.177242123111303     
   5.64549966137491       0.177132239558180     
   5.64899966224992       0.177022492168055     
   5.65249966312492       0.176912880687993     
   5.65599966399992       0.176803404865687     
   5.65949966487492       0.176694064449453     
   5.66299966574992       0.176584859188231     
   5.66649966662492       0.176475788831579     
   5.66999966749992       0.176366853129674     
   5.67349966837492       0.176258051833312     
   5.67699966924992       0.176149384693899     
   5.68049967012492       0.176040851463457     
   5.68399967099992       0.175932451894618     
   5.68749967187492       0.175824185740623     
   5.69099967274992       0.175716052755319     
   5.69449967362492       0.175608052693160     
   5.69799967449992       0.175500185309201     
   5.70149967537492       0.175392450359100     
   5.70499967624992       0.175284847599115     
   5.70849967712492       0.175177376786101     
   5.71199967799992       0.175070037677508     
   5.71549967887492       0.174962830031382     
   5.71899967974992       0.174855753606359     
   5.72249968062492       0.174748808161669     
   5.72599968149992       0.174641993457127     
   5.72949968237492       0.174535309253138     
   5.73299968324992       0.174428755310688     
   5.73649968412492       0.174322331391351     
   5.73999968499992       0.174216037257279     
   5.74349968587492       0.174109872671206     
   5.74699968674992       0.174003837396443     
   5.75049968762492       0.173897931196877     
   5.75399968849992       0.173792153836970     
   5.75749968937492       0.173686505081756     
   5.76099969024992       0.173580984696841     
   5.76449969112492       0.173475592448400     
   5.76799969199992       0.173370328103174     
   5.77149969287492       0.173265191428473     
   5.77499969374992       0.173160182192168     
   5.77849969462492       0.173055300162693     
   5.78199969549992       0.172950545109045     
   5.78549969637492       0.172845916800778     
   5.78899969724992       0.172741415008002     
   5.79249969812492       0.172637039501385     
   5.79599969899992       0.172532790052149     
   5.79949969987493       0.172428666432066     
   5.80299970074992       0.172324668413461     
   5.80649970162493       0.172220795769206     
   5.80999970249993       0.172117048272722     
   5.81349970337493       0.172013425697974     
   5.81699970424993       0.171909927819473     
   5.82049970512493       0.171806554412271     
   5.82399970599993       0.171703305251960     
   5.82749970687493       0.171600180114673     
   5.83099970774993       0.171497178777079     
   5.83449970862493       0.171394301016384     
   5.83799970949993       0.171291546610327     
   5.84149971037493       0.171188915337181     
   5.84499971124993       0.171086406975749     
   5.84849971212493       0.170984021305364     
   5.85199971299993       0.170881758105887     
   5.85549971387493       0.170779617157706     
   5.85899971474993       0.170677598241731     
   5.86249971562493       0.170575701139399     
   5.86599971649993       0.170473925632666     
   5.86949971737493       0.170372271504009     
   5.87299971824993       0.170270738536423     
   5.87649971912493       0.170169326513421     
   5.87999971999993       0.170068035219030     
   5.88349972087493       0.169966864437793     
   5.88699972174993       0.169865813954762     
   5.89049972262493       0.169764883555504     
   5.89399972349993       0.169664073026092     
   5.89749972437493       0.169563382153109     
   5.90099972524993       0.169462810723642     
   5.90449972612493       0.169362358525286     
   5.90799972699993       0.169262025346137     
   5.91149972787493       0.169161810974793     
   5.91499972874993       0.169061715200353     
   5.91849972962493       0.168961737812415     
   5.92199973049993       0.168861878601073     
   5.92549973137493       0.168762137356920     
   5.92899973224993       0.168662513871040     
   5.93249973312493       0.168563007935011     
   5.93599973399993       0.168463619340905     
   5.93949973487493       0.168364347881280     
   5.94299973574993       0.168265193349186     
   5.94649973662493       0.168166155538159     
   5.94999973749993       0.168067234242220     
   5.95349973837493       0.167968429255877     
   5.95699973924993       0.167869740374117     
   5.96049974012493       0.167771167392412     
   5.96399974099994       0.167672710106712     
   5.96749974187494       0.167574368313447     
   5.97099974274994       0.167476141809524     
   5.97449974362494       0.167378030392326     
   5.97799974449994       0.167280033859709     
   5.98149974537494       0.167182152010004     
   5.98499974624994       0.167084384642012     
   5.98849974712494       0.166986731555008     
   5.99199974799994       0.166889192548731     
   5.99549974887494       0.166791767423391     
   5.99899974974994       0.166694455979663     
   6.00249975062494       0.166597258018687     
   6.00599975149994       0.166500173342067     
   6.00949975237494       0.166403201751870     
   6.01299975324994       0.166306343050621     
   6.01649975412494       0.166209597041307     
   6.01999975499994       0.166112963527372     
   6.02349975587494       0.166016442312718     
   6.02699975674994       0.165920033201702     
   6.03049975762494       0.165823735999134     
   6.03399975849994       0.165727550510278     
   6.03749975937494       0.165631476540850     
   6.04099976024994       0.165535513897015     
   6.04449976112494       0.165439662385387     
   6.04799976199994       0.165343921813031     
   6.05149976287494       0.165248291987452     
   6.05499976374994       0.165152772716607     
   6.05849976462494       0.165057363808891     
   6.06199976549994       0.164962065073145     
   6.06549976637494       0.164866876318649     
   6.06899976724994       0.164771797355127     
   6.07249976812494       0.164676827992735     
   6.07599976899994       0.164581968042073     
   6.07949976987494       0.164487217314174     
   6.08299977074994       0.164392575620505     
   6.08649977162494       0.164298042772969     
   6.08999977249994       0.164203618583900     
   6.09349977337494       0.164109302866063     
   6.09699977424994       0.164015095432655     
   6.10049977512494       0.163920996097299     
   6.10399977599994       0.163827004674046     
   6.10749977687494       0.163733120977375     
   6.11099977774994       0.163639344822188     
   6.11449977862494       0.163545676023812     
   6.11799977949995       0.163452114397997     
   6.12149978037495       0.163358659760912     
   6.12499978124995       0.163265311929150     
   6.12849978212494       0.163172070719719     
   6.13199978299995       0.163078935950047     
   6.13549978387495       0.162985907437978     
   6.13899978474995       0.162892985001772     
   6.14249978562495       0.162800168460103     
   6.14599978649995       0.162707457632058     
   6.14949978737495       0.162614852337135     
   6.15299978824995       0.162522352395243     
   6.15649978912495       0.162429957626702     
   6.15999978999995       0.162337667852239     
   6.16349979087495       0.162245482892988     
   6.16699979174995       0.162153402570490     
   6.17049979262495       0.162061426706691     
   6.17399979349995       0.161969555123939     
   6.17749979437495       0.161877787644987     
   6.18099979524995       0.161786124092987     
   6.18449979612495       0.161694564291494     
   6.18799979699995       0.161603108064459     
   6.19149979787495       0.161511755236235     
   6.19499979874995       0.161420505631569     
   6.19849979962495       0.161329359075604     
   6.20199980049995       0.161238315393878     
   6.20549980137495       0.161147374412325     
   6.20899980224995       0.161056535957268     
   6.21249980312495       0.160965799855422     
   6.21599980399995       0.160875165933895     
   6.21949980487495       0.160784634020181     
   6.22299980574995       0.160694203942164     
   6.22649980662495       0.160603875528114     
   6.22999980749995       0.160513648606688     
   6.23349980837495       0.160423523006926     
   6.23699980924995       0.160333498558253     
   6.24049981012495       0.160243575090477     
   6.24399981099995       0.160153752433787     
   6.24749981187495       0.160064030418752     
   6.25099981274995       0.159974408876322     
   6.25449981362495       0.159884887637825     
   6.25799981449995       0.159795466534964     
   6.26149981537495       0.159706145399821     
   6.26499981624995       0.159616924064853     
   6.26849981712495       0.159527802362889     
   6.27199981799995       0.159438780127135     
   6.27549981887496       0.159349857191165     
   6.27899981974995       0.159261033388926     
   6.28249982062496       0.159172308554735     
   6.28599982149996       0.159083682523279     
   6.28949982237496       0.158995155129611     
   6.29299982324996       0.158906726209152     
   6.29649982412496       0.158818395597688     
   6.29999982499996       0.158730163131371     
   6.30349982587496       0.158642028646718     
   6.30699982674996       0.158553991980606     
   6.31049982762496       0.158466052970276     
   6.31399982849996       0.158378211453329     
   6.31749982937496       0.158290467267726     
   6.32099983024996       0.158202820251787     
   6.32449983112496       0.158115270244191     
   6.32799983199996       0.158027817083972     
   6.33149983287496       0.157940460610520     
   6.33499983374996       0.157853200663582     
   6.33849983462496       0.157766037083257     
   6.34199983549996       0.157678969709998     
   6.34549983637496       0.157591998384609     
   6.34899983724996       0.157505122948246     
   6.35249983812496       0.157418343242415     
   6.35599983899996       0.157331659108971     
   6.35949983987496       0.157245070390117     
   6.36299984074996       0.157158576928402     
   6.36649984162496       0.157072178566724     
   6.36999984249996       0.156985875148323     
   6.37349984337496       0.156899666516787     
   6.37699984424996       0.156813552516044     
   6.38049984512496       0.156727532990366     
   6.38399984599996       0.156641607784368     
   6.38749984687496       0.156555776743002     
   6.39099984774996       0.156470039711562     
   6.39449984862496       0.156384396535680     
   6.39799984949996       0.156298847061327     
   6.40149985037496       0.156213391134810     
   6.40499985124996       0.156128028602772     
   6.40849985212496       0.156042759312189     
   6.41199985299996       0.155957583110376     
   6.41549985387496       0.155872499844975     
   6.41899985474996       0.155787509363966     
   6.42249985562496       0.155702611515657     
   6.42599985649996       0.155617806148688     
   6.42949985737496       0.155533093112026     
   6.43299985824997       0.155448472254971     
   6.43649985912496       0.155363943427147     
   6.43999985999996       0.155279506478507     
   6.44349986087497       0.155195161259329     
   6.44699986174997       0.155110907620217     
   6.45049986262496       0.155026745412098     
   6.45399986349997       0.154942674486223     
   6.45749986437497       0.154858694694166     
   6.46099986524997       0.154774805887823     
   6.46449986612497       0.154691007919408     
   6.46799986699997       0.154607300641459     
   6.47149986787497       0.154523683906829     
   6.47499986874997       0.154440157568692     
   6.47849986962497       0.154356721480538     
   6.48199987049997       0.154273375496174     
   6.48549987137497       0.154190119469722     
   6.48899987224997       0.154106953255618     
   6.49249987312497       0.154023876708615     
   6.49599987399997       0.153940889683776     
   6.49949987487497       0.153857992036477     
   6.50299987574997       0.153775183622405     
   6.50649987662497       0.153692464297559     
   6.50999987749997       0.153609833918246     
   6.51349987837497       0.153527292341083     
   6.51699987924997       0.153444839422994     
   6.52049988012497       0.153362475021211     
   6.52399988099997       0.153280198993272     
   6.52749988187497       0.153198011197021     
   6.53099988274997       0.153115911490607     
   6.53449988362497       0.153033899732481     
   6.53799988449997       0.152951975781399     
   6.54149988537497       0.152870139496418     
   6.54499988624997       0.152788390736899     
   6.54849988712497       0.152706729362500     
   6.55199988799997       0.152625155233181     
   6.55549988887497       0.152543668209202     
   6.55899988974997       0.152462268151119     
   6.56249989062497       0.152380954919787     
   6.56599989149997       0.152299728376357     
   6.56949989237497       0.152218588382277     
   6.57299989324997       0.152137534799287     
   6.57649989412497       0.152056567489426     
   6.57999989499997       0.151975686315023     
   6.58349989587497       0.151894891138700     
   6.58699989674997       0.151814181823374     
   6.59049989762497       0.151733558232249     
   6.59399989849997       0.151653020228823     
   6.59749989937498       0.151572567676881     
   6.60099990024997       0.151492200440498     
   6.60449990112498       0.151411918384038     
   6.60799990199997       0.151331721372152     
   6.61149990287498       0.151251609269775     
   6.61499990374998       0.151171581942132     
   6.61849990462498       0.151091639254730     
   6.62199990549998       0.151011781073362     
   6.62549990637498       0.150932007264104     
   6.62899990724998       0.150852317693314     
   6.63249990812498       0.150772712227634     
   6.63599990899998       0.150693190733986     
   6.63949990987498       0.150613753079572     
   6.64299991074998       0.150534399131876     
   6.64649991162498       0.150455128758658     
   6.64999991249998       0.150375941827961     
   6.65349991337498       0.150296838208101     
   6.65699991424998       0.150217817767673     
   6.66049991512498       0.150138880375549     
   6.66399991599998       0.150060025900875     
   6.66749991687498       0.149981254213072     
   6.67099991774998       0.149902565181836     
   6.67449991862498       0.149823958677135     
   6.67799991949998       0.149745434569211     
   6.68149992037498       0.149666992728577     
   6.68499992124998       0.149588633026017     
   6.68849992212498       0.149510355332585     
   6.69199992299998       0.149432159519608     
   6.69549992387498       0.149354045458677     
   6.69899992474998       0.149276013021655     
   6.70249992562498       0.149198062080673     
   6.70599992649998       0.149120192508125     
   6.70949992737498       0.149042404176676     
   6.71299992824998       0.148964696959253     
   6.71649992912498       0.148887070729049     
   6.71999992999998       0.148809525359523     
   6.72349993087498       0.148732060724396     
   6.72699993174998       0.148654676697650     
   6.73049993262498       0.148577373153532     
   6.73399993349998       0.148500149966549     
   6.73749993437498       0.148423007011469     
   6.74099993524998       0.148345944163321     
   6.74449993612498       0.148268961297391     
   6.74799993699998       0.148192058289227     
   6.75149993787498       0.148115235014632     
   6.75499993874999       0.148038491349669     
   6.75849993962498       0.147961827170655     
   6.76199994049998       0.147885242354167     
   6.76549994137499       0.147808736777032     
   6.76899994224999       0.147732310316337     
   6.77249994312499       0.147655962849420     
   6.77599994399999       0.147579694253873     
   6.77949994487499       0.147503504407542     
   6.78299994574999       0.147427393188523     
   6.78649994662499       0.147351360475165     
   6.78999994749999       0.147275406146068     
   6.79349994837499       0.147199530080081     
   6.79699994924999       0.147123732156304     
   6.80049995012499       0.147048012254084     
   6.80399995099999       0.146972370253019     
   6.80749995187499       0.146896806032951     
   6.81099995274999       0.146821319473971     
   6.81449995362499       0.146745910456418     
   6.81799995449999       0.146670578860874     
   6.82149995537499       0.146595324568167     
   6.82499995624999       0.146520147459370     
   6.82849995712499       0.146445047415799     
   6.83199995799999       0.146370024319013     
   6.83549995887499       0.146295078050815     
   6.83899995974999       0.146220208493249     
   6.84249996062499       0.146145415528600     
   6.84599996149999       0.146070699039395     
   6.84949996237499       0.145996058908399     
   6.85299996324999       0.145921495018619     
   6.85649996412499       0.145847007253299     
   6.85999996499999       0.145772595495922     
   6.86349996587499       0.145698259630209     
   6.86699996674999       0.145623999540118     
   6.87049996762499       0.145549815109842     
   6.87399996849999       0.145475706223811     
   6.87749996937499       0.145401672766692     
   6.88099997024999       0.145327714623383     
   6.88449997112499       0.145253831679018     
   6.88799997199999       0.145180023818966     
   6.89149997287499       0.145106290928826     
   6.89499997374999       0.145032632894432     
   6.89849997462499       0.144959049601846     
   6.90199997549999       0.144885540937365     
   6.90549997637499       0.144812106787515     
   6.90899997724999       0.144738747039052     
   6.91249997812499       0.144665461578960     
   6.91599997899999       0.144592250294453     
   6.91949997987500       0.144519113072975     
   6.92299998075000       0.144446049802194     
   6.92649998162500       0.144373060370007     
   6.92999998250000       0.144300144664539     
   6.93349998337500       0.144227302574137     
   6.93699998425000       0.144154533987377     
   6.94049998512500       0.144081838793058     
   6.94399998600000       0.144009216880203     
   6.94749998687500       0.143936668138060     
   6.95099998775000       0.143864192456098     
   6.95449998862500       0.143791789724011     
   6.95799998950000       0.143719459831712     
   6.96149999037500       0.143647202669339     
   6.96499999125000       0.143575018127248     
   6.96849999212500       0.143502906096016     
   6.97199999300000       0.143430866466440     
   6.97549999387500       0.143358899129535     
   6.97899999475000       0.143287003976538     
   6.98249999562500       0.143215180898900     
   6.98599999650000       0.143143429788291     
   6.98949999737500       0.143071750536600     
   6.99299999825000       0.143000143035929     
   6.99649999912500       0.142928607178598     
   7.00000000000000       0.142857142857143     
